1([223, 44, 121]) -> 1([223, 44, 121])
2([186, 225, 5]) -> 1([223, 44, 121])
3([37, 99, 43]) -> 1([223, 44, 121])
4([95, 26, 196]) -> 1([223, 44, 121])
5([228, 231, 16]) -> 1([223, 44, 121])
6([161, 250, 89]) -> 1([223, 44, 121])
7([55, 179, 17]) -> 1([223, 44, 121])
8([24, 82, 170]) -> 11([7, 174, 122])
9([59, 92, 89]) -> 1([223, 44, 121])
10([49, 141, 220]) -> 11([7, 174, 122])
11([7, 174, 122]) -> 11([7, 174, 122])
12([171, 173, 105]) -> 1([223, 44, 121])
13([186, 76, 136]) -> 11([7, 174, 122])
14([197, 128, 143]) -> 11([7, 174, 122])
15([38, 109, 76]) -> 11([7, 174, 122])
16([194, 70, 91]) -> 11([7, 174, 122])
17([238, 252, 205]) -> 11([7, 174, 122])
18([52, 50, 110]) -> 1([223, 44, 121])
19([190, 18, 139]) -> 11([7, 174, 122])
20([130, 89, 167]) -> 1([223, 44, 121])
21([194, 176, 48]) -> 11([7, 174, 122])
22([201, 100, 100]) -> 1([223, 44, 121])
23([154, 201, 217]) -> 11([7, 174, 122])
24([115, 71, 225]) -> 1([223, 44, 121])
25([72, 129, 238]) -> 11([7, 174, 122])
26([230, 40, 84]) -> 1([223, 44, 121])
27([12, 171, 3]) -> 11([7, 174, 122])
28([142, 9, 146]) -> 1([223, 44, 121])
29([249, 8, 191]) -> 11([7, 174, 122])
30([234, 252, 11]) -> 1([223, 44, 121])
31([152, 255, 51]) -> 11([7, 174, 122])
32([104, 71, 246]) -> 1([223, 44, 121])
33([17, 89, 112]) -> 1([223, 44, 121])
34([182, 115, 170]) -> 11([7, 174, 122])
35([16, 39, 108]) -> 11([7, 174, 122])
36([80, 51, 197]) -> 11([7, 174, 122])
37([248, 161, 214]) -> 11([7, 174, 122])
38([104, 136, 212]) -> 11([7, 174, 122])
39([124, 82, 195]) -> 11([7, 174, 122])
40([197, 99, 190]) -> 11([7, 174, 122])
41([9, 163, 35]) -> 11([7, 174, 122])
42([86, 65, 39]) -> 11([7, 174, 122])
43([170, 97, 143]) -> 11([7, 174, 122])
44([46, 60, 52]) -> 11([7, 174, 122])
45([2, 202, 27]) -> 11([7, 174, 122])
46([230, 109, 132]) -> 46([230, 109, 132])
47([164, 10, 106]) -> 46([230, 109, 132])
48([3, 74, 111]) -> 46([230, 109, 132])
49([39, 149, 218]) -> 46([230, 109, 132])
50([225, 220, 57]) -> 50([225, 220, 57])
51([29, 10, 106]) -> 50([225, 220, 57])
52([39, 31, 133]) -> 50([225, 220, 57])
53([79, 151, 115]) -> 50([225, 220, 57])
54([22, 10, 95]) -> 50([225, 220, 57])
55([127, 179, 168]) -> 46([230, 109, 132])
56([241, 66, 57]) -> 46([230, 109, 132])
57([64, 208, 120]) -> 50([225, 220, 57])
58([35, 129, 196]) -> 46([230, 109, 132])
59([223, 83, 188]) -> 50([225, 220, 57])
60([208, 158, 221]) -> 46([230, 109, 132])
61([66, 53, 30]) -> 46([230, 109, 132])
62([230, 186, 240]) -> 50([225, 220, 57])
63([176, 139, 65]) -> 46([230, 109, 132])
64([34, 89, 100]) -> 50([225, 220, 57])
65([99, 153, 14]) -> 50([225, 220, 57])
66([135, 151, 117]) -> 46([230, 109, 132])
67([150, 77, 190]) -> 50([225, 220, 57])
68([149, 72, 237]) -> 46([230, 109, 132])
69([225, 159, 240]) -> 50([225, 220, 57])
70([2, 52, 8]) -> 46([230, 109, 132])
71([124, 68, 97]) -> 50([225, 220, 57])
72([215, 72, 130]) -> 50([225, 220, 57])
73([109, 187, 164]) -> 73([109, 187, 164])
74([15, 179, 93]) -> 50([225, 220, 57])
75([130, 50, 156]) -> 50([225, 220, 57])
76([194, 172, 232]) -> 50([225, 220, 57])
77([104, 70, 167]) -> 50([225, 220, 57])
78([187, 48, 73]) -> 50([225, 220, 57])
79([32, 248, 196]) -> 50([225, 220, 57])
80([210, 128, 157]) -> 50([225, 220, 57])
81([250, 104, 136]) -> 81([250, 104, 136])
82([184, 42, 63]) -> 83([173, 189, 179])
83([173, 189, 179]) -> 83([173, 189, 179])
84([203, 108, 126]) -> 81([250, 104, 136])
85([180, 241, 8]) -> 83([173, 189, 179])
86([240, 87, 164]) -> 83([173, 189, 179])
87([36, 104, 177]) -> 81([250, 104, 136])
88([135, 94, 203]) -> 83([173, 189, 179])
89([219, 252, 91]) -> 83([173, 189, 179])
90([43, 96, 129]) -> 83([173, 189, 179])
91([141, 29, 8]) -> 81([250, 104, 136])
92([246, 78, 108]) -> 83([173, 189, 179])
93([20, 72, 240]) -> 83([173, 189, 179])
94([251, 48, 77]) -> 83([173, 189, 179])
95([14, 115, 220]) -> 83([173, 189, 179])
96([144, 68, 55]) -> 83([173, 189, 179])
97([148, 41, 148]) -> 83([173, 189, 179])
98([185, 4, 100]) -> 83([173, 189, 179])
99([245, 85, 2]) -> 83([173, 189, 179])
100([3, 224, 182]) -> 83([173, 189, 179])
101([241, 45, 91]) -> 83([173, 189, 179])
102([241, 161, 215]) -> 81([250, 104, 136])
103([188, 48, 195]) -> 83([173, 189, 179])
104([213, 20, 113]) -> 81([250, 104, 136])
105([244, 4, 41]) -> 83([173, 189, 179])
106([97, 204, 160]) -> 81([250, 104, 136])
107([225, 185, 231]) -> 83([173, 189, 179])
108([64, 156, 228]) -> 83([173, 189, 179])
109([162, 127, 156]) -> 81([250, 104, 136])
110([33, 28, 120]) -> 83([173, 189, 179])
111([59, 171, 65]) -> 83([173, 189, 179])
112([84, 31, 210]) -> 83([173, 189, 179])
113([116, 67, 227]) -> 83([173, 189, 179])
114([203, 39, 186]) -> 83([173, 189, 179])
115([38, 219, 106]) -> 83([173, 189, 179])
116([49, 250, 144]) -> 83([173, 189, 179])
117([17, 147, 77]) -> 117([17, 147, 77])
118([235, 50, 145]) -> 117([17, 147, 77])
119([115, 117, 33]) -> 117([17, 147, 77])
120([51, 137, 77]) -> 120([51, 137, 77])
121([86, 12, 99]) -> 117([17, 147, 77])
122([219, 36, 12]) -> 120([51, 137, 77])
123([189, 68, 224]) -> 120([51, 137, 77])
124([173, 187, 165]) -> 120([51, 137, 77])
125([79, 60, 205]) -> 120([51, 137, 77])
126([47, 199, 130]) -> 120([51, 137, 77])
127([45, 40, 136]) -> 120([51, 137, 77])
128([162, 116, 77]) -> 120([51, 137, 77])
129([87, 120, 240]) -> 120([51, 137, 77])
130([154, 25, 78]) -> 120([51, 137, 77])
131([82, 203, 246]) -> 120([51, 137, 77])
132([71, 34, 182]) -> 120([51, 137, 77])
133([99, 126, 94]) -> 120([51, 137, 77])
134([182, 112, 125]) -> 117([17, 147, 77])
135([37, 252, 80]) -> 120([51, 137, 77])
136([15, 147, 87]) -> 117([17, 147, 77])
137([105, 195, 16]) -> 120([51, 137, 77])
138([249, 175, 206]) -> 117([17, 147, 77])
139([225, 194, 237]) -> 120([51, 137, 77])
140([219, 254, 85]) -> 120([51, 137, 77])
141([245, 160, 201]) -> 117([17, 147, 77])
142([236, 16, 182]) -> 120([51, 137, 77])
143([93, 152, 209]) -> 120([51, 137, 77])
144([253, 253, 253]) -> 120([51, 137, 77])
